#
# FPS Robot Array Configuration
#
# Focal Plane Layout 2 - Rings & Things Configuration
# 2018 Jan 28 [rwp/osu]
#
# ID = a unique integer identifier for the robot
# Row = row number (Y-axis, -14 to +14, 0 is center row)
# Pos = position in row (X-axis, 0 to N_row-1, increasing with +x)
# X,Y = X,Y position in mm relative to field center (0,0)
# Assignment = position assignment
#    BA = BOSS+APOGEE Fibers
#    BOSS = BOSS Fiber (no APOGEE fiber)
#    Fiducial = Fixed Illuminated Fiducial
# Sextant = sextant number (-1 for fiducials)
#
# Totals:
#    500 robots: 300 B+A, 200 BOSS-only
#     72 Fiducials
#
# ID     Row   Pos     X (mm)  Y (mm)          Assignment     Sextant
   0     -14    0     -156.8  -271.5856         Fiducial         -1
   1     -14    1     -134.4  -271.5856               BA          1
   2     -14    2     -112.0  -271.5856               BA          1
   3     -14    3      -89.6  -271.5856               BA          1
   0     -14    4      -67.2  -271.5856         Fiducial         -1
   4     -14    5      -44.8  -271.5856               BA          1
   5     -14    6      -22.4  -271.5856               BA          1
   0     -14    7        0.0  -271.5856         Fiducial         -1
   6     -14    8       22.4  -271.5856               BA          1
   7     -14    9       44.8  -271.5856               BA          1
   0     -14   10       67.2  -271.5856         Fiducial         -1
   8     -14   11       89.6  -271.5856               BA          1
   9     -14   12      112.0  -271.5856               BA          1
  10     -14   13      134.4  -271.5856               BA          1
   0     -14   14      156.8  -271.5856         Fiducial         -1
  11     -13    0     -168.0  -252.1866               BA          1
  12     -13    1     -145.6  -252.1866               BA          1
  13     -13    2     -123.2  -252.1866             BOSS          1
  14     -13    3     -100.8  -252.1866             BOSS          1
  15     -13    4      -78.4  -252.1866             BOSS          1
  16     -13    5      -56.0  -252.1866             BOSS          1
  17     -13    6      -33.6  -252.1866               BA          1
  18     -13    7      -11.2  -252.1866             BOSS          1
  19     -13    8       11.2  -252.1866             BOSS          1
  20     -13    9       33.6  -252.1866               BA          1
  21     -13   10       56.0  -252.1866             BOSS          1
  22     -13   11       78.4  -252.1866             BOSS          1
  23     -13   12      100.8  -252.1866             BOSS          1
  24     -13   13      123.2  -252.1866             BOSS          1
  25     -13   14      145.6  -252.1866               BA          1
  26     -13   15      168.0  -252.1866               BA          1
  27     -12    0     -179.2  -232.7876               BA          1
  28     -12    1     -156.8  -232.7876             BOSS          1
  29     -12    2     -134.4  -232.7876               BA          1
  30     -12    3     -112.0  -232.7876               BA          1
  31     -12    4      -89.6  -232.7876               BA          1
  32     -12    5      -67.2  -232.7876               BA          1
  33     -12    6      -44.8  -232.7876               BA          1
  34     -12    7      -22.4  -232.7876               BA          1
   0     -12    8        0.0  -232.7876         Fiducial         -1
  35     -12    9       22.4  -232.7876               BA          1
  36     -12   10       44.8  -232.7876               BA          1
  37     -12   11       67.2  -232.7876               BA          1
  38     -12   12       89.6  -232.7876               BA          1
  39     -12   13      112.0  -232.7876               BA          1
  40     -12   14      134.4  -232.7876               BA          1
  41     -12   15      156.8  -232.7876             BOSS          1
  42     -12   16      179.2  -232.7876               BA          1
  43     -11    0     -190.4  -213.3887               BA          1
  44     -11    1     -168.0  -213.3887             BOSS          1
  45     -11    2     -145.6  -213.3887               BA          1
   0     -11    3     -123.2  -213.3887         Fiducial         -1
  46     -11    4     -100.8  -213.3887             BOSS          1
  47     -11    5      -78.4  -213.3887             BOSS          1
   0     -11    6      -56.0  -213.3887         Fiducial         -1
  48     -11    7      -33.6  -213.3887             BOSS          1
  49     -11    8      -11.2  -213.3887             BOSS          1
  50     -11    9       11.2  -213.3887             BOSS          1
  51     -11   10       33.6  -213.3887             BOSS          1
   0     -11   11       56.0  -213.3887         Fiducial         -1
  52     -11   12       78.4  -213.3887             BOSS          1
  53     -11   13      100.8  -213.3887             BOSS          1
   0     -11   14      123.2  -213.3887         Fiducial         -1
  54     -11   15      145.6  -213.3887               BA          1
  55     -11   16      168.0  -213.3887             BOSS          1
  56     -11   17      190.4  -213.3887               BA          1
   0     -10    0     -201.6  -193.9897         Fiducial         -1
  57     -10    1     -179.2  -193.9897             BOSS          1
  58     -10    2     -156.8  -193.9897               BA          1
  59     -10    3     -134.4  -193.9897             BOSS          1
  60     -10    4     -112.0  -193.9897               BA          1
  61     -10    5      -89.6  -193.9897               BA          1
  62     -10    6      -67.2  -193.9897               BA          1
  63     -10    7      -44.8  -193.9897               BA          1
  64     -10    8      -22.4  -193.9897               BA          1
  65     -10    9        0.0  -193.9897               BA          1
  66     -10   10       22.4  -193.9897               BA          1
  67     -10   11       44.8  -193.9897               BA          1
  68     -10   12       67.2  -193.9897               BA          1
  69     -10   13       89.6  -193.9897               BA          1
  70     -10   14      112.0  -193.9897               BA          1
  71     -10   15      134.4  -193.9897             BOSS          1
  72     -10   16      156.8  -193.9897               BA          1
  73     -10   17      179.2  -193.9897             BOSS          1
   0     -10   18      201.6  -193.9897         Fiducial         -1
  74      -9    0     -212.8  -174.5907               BA          1
  75      -9    1     -190.4  -174.5907             BOSS          1
  76      -9    2     -168.0  -174.5907               BA          1
  77      -9    3     -145.6  -174.5907             BOSS          1
  78      -9    4     -123.2  -174.5907               BA          1
  79      -9    5     -100.8  -174.5907               BA          1
  80      -9    6      -78.4  -174.5907             BOSS          1
  81      -9    7      -56.0  -174.5907             BOSS          1
  82      -9    8      -33.6  -174.5907             BOSS          1
  83      -9    9      -11.2  -174.5907             BOSS          1
  84      -9   10       11.2  -174.5907             BOSS          2
  85      -9   11       33.6  -174.5907             BOSS          2
  86      -9   12       56.0  -174.5907             BOSS          2
  87      -9   13       78.4  -174.5907             BOSS          2
  88      -9   14      100.8  -174.5907               BA          2
  89      -9   15      123.2  -174.5907               BA          2
  90      -9   16      145.6  -174.5907             BOSS          2
  91      -9   17      168.0  -174.5907               BA          2
  92      -9   18      190.4  -174.5907             BOSS          2
  93      -9   19      212.8  -174.5907               BA          2
  94      -8    0     -224.0  -155.1918               BA          2
  95      -8    1     -201.6  -155.1918               BA          2
  96      -8    2     -179.2  -155.1918               BA          2
   0      -8    3     -156.8  -155.1918         Fiducial         -1
  97      -8    4     -134.4  -155.1918               BA          2
  98      -8    5     -112.0  -155.1918             BOSS          2
   0      -8    6      -89.6  -155.1918         Fiducial         -1
  99      -8    7      -67.2  -155.1918               BA          2
 100      -8    8      -44.8  -155.1918               BA          2
 101      -8    9      -22.4  -155.1918               BA          2
   0      -8   10        0.0  -155.1918         Fiducial         -1
 102      -8   11       22.4  -155.1918               BA          2
 103      -8   12       44.8  -155.1918               BA          2
 104      -8   13       67.2  -155.1918               BA          2
   0      -8   14       89.6  -155.1918         Fiducial         -1
 105      -8   15      112.0  -155.1918             BOSS          2
 106      -8   16      134.4  -155.1918               BA          2
   0      -8   17      156.8  -155.1918         Fiducial         -1
 107      -8   18      179.2  -155.1918               BA          2
 108      -8   19      201.6  -155.1918               BA          2
 109      -8   20      224.0  -155.1918               BA          2
   0      -7    0     -235.2  -135.7928         Fiducial         -1
 110      -7    1     -212.8  -135.7928             BOSS          2
 111      -7    2     -190.4  -135.7928               BA          2
 112      -7    3     -168.0  -135.7928             BOSS          2
 113      -7    4     -145.6  -135.7928               BA          2
 114      -7    5     -123.2  -135.7928             BOSS          2
 115      -7    6     -100.8  -135.7928               BA          2
 116      -7    7      -78.4  -135.7928               BA          2
 117      -7    8      -56.0  -135.7928             BOSS          2
 118      -7    9      -33.6  -135.7928             BOSS          2
 119      -7   10      -11.2  -135.7928             BOSS          2
 120      -7   11       11.2  -135.7928             BOSS          2
 121      -7   12       33.6  -135.7928             BOSS          2
 122      -7   13       56.0  -135.7928             BOSS          2
 123      -7   14       78.4  -135.7928               BA          2
 124      -7   15      100.8  -135.7928               BA          2
 125      -7   16      123.2  -135.7928             BOSS          2
 126      -7   17      145.6  -135.7928               BA          2
 127      -7   18      168.0  -135.7928             BOSS          2
 128      -7   19      190.4  -135.7928               BA          2
 129      -7   20      212.8  -135.7928             BOSS          2
   0      -7   21      235.2  -135.7928         Fiducial         -1
 130      -6    0     -246.4  -116.3938               BA          2
 131      -6    1     -224.0  -116.3938             BOSS          2
 132      -6    2     -201.6  -116.3938               BA          2
 133      -6    3     -179.2  -116.3938             BOSS          2
 134      -6    4     -156.8  -116.3938               BA          2
 135      -6    5     -134.4  -116.3938             BOSS          2
 136      -6    6     -112.0  -116.3938               BA          2
 137      -6    7      -89.6  -116.3938             BOSS          2
 138      -6    8      -67.2  -116.3938               BA          2
   0      -6    9      -44.8  -116.3938         Fiducial         -1
 139      -6   10      -22.4  -116.3938               BA          2
 140      -6   11        0.0  -116.3938               BA          2
 141      -6   12       22.4  -116.3938               BA          2
   0      -6   13       44.8  -116.3938         Fiducial         -1
 142      -6   14       67.2  -116.3938               BA          2
 143      -6   15       89.6  -116.3938             BOSS          2
 144      -6   16      112.0  -116.3938               BA          2
 145      -6   17      134.4  -116.3938             BOSS          2
 146      -6   18      156.8  -116.3938               BA          2
 147      -6   19      179.2  -116.3938             BOSS          2
 148      -6   20      201.6  -116.3938               BA          2
 149      -6   21      224.0  -116.3938             BOSS          2
 150      -6   22      246.4  -116.3938               BA          2
 151      -5    0     -257.6   -96.9948               BA          2
 152      -5    1     -235.2   -96.9948               BA          2
 153      -5    2     -212.8   -96.9948               BA          2
 154      -5    3     -190.4   -96.9948             BOSS          2
   0      -5    4     -168.0   -96.9948         Fiducial         -1
 155      -5    5     -145.6   -96.9948             BOSS          2
 156      -5    6     -123.2   -96.9948               BA          2
 157      -5    7     -100.8   -96.9948             BOSS          2
 158      -5    8      -78.4   -96.9948               BA          2
 159      -5    9      -56.0   -96.9948             BOSS          2
 160      -5   10      -33.6   -96.9948               BA          2
 161      -5   11      -11.2   -96.9948             BOSS          2
 162      -5   12       11.2   -96.9948             BOSS          2
 163      -5   13       33.6   -96.9948               BA          2
 164      -5   14       56.0   -96.9948             BOSS          2
 165      -5   15       78.4   -96.9948               BA          2
 166      -5   16      100.8   -96.9948             BOSS          2
 167      -5   17      123.2   -96.9948               BA          3
 168      -5   18      145.6   -96.9948             BOSS          3
   0      -5   19      168.0   -96.9948         Fiducial         -1
 169      -5   20      190.4   -96.9948             BOSS          3
 170      -5   21      212.8   -96.9948               BA          3
 171      -5   22      235.2   -96.9948               BA          3
 172      -5   23      257.6   -96.9948               BA          3
   0      -4    0     -268.8   -77.5959         Fiducial         -1
 173      -4    1     -246.4   -77.5959             BOSS          3
 174      -4    2     -224.0   -77.5959               BA          3
 175      -4    3     -201.6   -77.5959             BOSS          3
 176      -4    4     -179.2   -77.5959               BA          3
 177      -4    5     -156.8   -77.5959             BOSS          3
 178      -4    6     -134.4   -77.5959               BA          3
 179      -4    7     -112.0   -77.5959             BOSS          3
 180      -4    8      -89.6   -77.5959               BA          3
   0      -4    9      -67.2   -77.5959         Fiducial         -1
 181      -4   10      -44.8   -77.5959               BA          3
 182      -4   11      -22.4   -77.5959               BA          3
   0      -4   12        0.0   -77.5959         Fiducial         -1
 183      -4   13       22.4   -77.5959               BA          3
 184      -4   14       44.8   -77.5959               BA          3
   0      -4   15       67.2   -77.5959         Fiducial         -1
 185      -4   16       89.6   -77.5959               BA          3
 186      -4   17      112.0   -77.5959             BOSS          3
 187      -4   18      134.4   -77.5959               BA          3
 188      -4   19      156.8   -77.5959             BOSS          3
 189      -4   20      179.2   -77.5959               BA          3
 190      -4   21      201.6   -77.5959             BOSS          3
 191      -4   22      224.0   -77.5959               BA          3
 192      -4   23      246.4   -77.5959             BOSS          3
   0      -4   24      268.8   -77.5959         Fiducial         -1
 193      -3    0     -280.0   -58.1969               BA          3
 194      -3    1     -257.6   -58.1969             BOSS          3
 195      -3    2     -235.2   -58.1969               BA          3
   0      -3    3     -212.8   -58.1969         Fiducial         -1
 196      -3    4     -190.4   -58.1969               BA          3
 197      -3    5     -168.0   -58.1969             BOSS          3
 198      -3    6     -145.6   -58.1969               BA          3
   0      -3    7     -123.2   -58.1969         Fiducial         -1
 199      -3    8     -100.8   -58.1969               BA          3
 200      -3   17      100.8   -58.1969               BA          3
   0      -3   18      123.2   -58.1969         Fiducial         -1
 201      -3   19      145.6   -58.1969               BA          3
 202      -3   20      168.0   -58.1969             BOSS          3
 203      -3   21      190.4   -58.1969               BA          3
   0      -3   22      212.8   -58.1969         Fiducial         -1
 204      -3   23      235.2   -58.1969               BA          3
 205      -3   24      257.6   -58.1969             BOSS          3
 206      -3   25      280.0   -58.1969               BA          3
 207      -2    0     -291.2   -38.7979               BA          3
 208      -2    1     -268.8   -38.7979             BOSS          3
 209      -2    2     -246.4   -38.7979               BA          3
 210      -2    3     -224.0   -38.7979             BOSS          3
 211      -2    4     -201.6   -38.7979               BA          3
 212      -2    5     -179.2   -38.7979             BOSS          3
 213      -2    6     -156.8   -38.7979               BA          3
 214      -2    7     -134.4   -38.7979             BOSS          3
 215      -2    8     -112.0   -38.7979               BA          3
 216      -2   18      112.0   -38.7979               BA          3
 217      -2   19      134.4   -38.7979             BOSS          3
 218      -2   20      156.8   -38.7979               BA          3
 219      -2   21      179.2   -38.7979             BOSS          3
 220      -2   22      201.6   -38.7979               BA          3
 221      -2   23      224.0   -38.7979             BOSS          3
 222      -2   24      246.4   -38.7979               BA          3
 223      -2   25      268.8   -38.7979             BOSS          3
 224      -2   26      291.2   -38.7979               BA          3
 225      -1    0     -302.4    -19.399               BA          3
 226      -1    1     -280.0    -19.399             BOSS          3
 227      -1    2     -257.6    -19.399               BA          3
 228      -1    3     -235.2    -19.399             BOSS          3
 229      -1    4     -212.8    -19.399               BA          3
 230      -1    5     -190.4    -19.399             BOSS          3
 231      -1    6     -168.0    -19.399               BA          3
 232      -1    7     -145.6    -19.399             BOSS          3
 233      -1    8     -123.2    -19.399               BA          3
 234      -1    9     -100.8    -19.399             BOSS          3
 235      -1   18      100.8    -19.399             BOSS          3
 236      -1   19      123.2    -19.399               BA          3
 237      -1   20      145.6    -19.399             BOSS          3
 238      -1   21      168.0    -19.399               BA          3
 239      -1   22      190.4    -19.399             BOSS          3
 240      -1   23      212.8    -19.399               BA          3
 241      -1   24      235.2    -19.399             BOSS          3
 242      -1   25      257.6    -19.399               BA          3
 243      -1   26      280.0    -19.399             BOSS          3
 244      -1   27      302.4    -19.399               BA          3
   0       0    0     -313.6        0.0         Fiducial         -1
 245       0    1     -291.2        0.0               BA          3
 246       0    2     -268.8        0.0               BA          3
   0       0    3     -246.4        0.0         Fiducial         -1
 247       0    4     -224.0        0.0               BA          3
 248       0    5     -201.6        0.0               BA          3
   0       0    6     -179.2        0.0         Fiducial         -1
 249       0    7     -156.8        0.0               BA          3
 250       0    8     -134.4        0.0               BA          4
   0       0    9     -112.0        0.0         Fiducial         -1
   0       0   19      112.0        0.0         Fiducial         -1
 251       0   20      134.4        0.0               BA          4
 252       0   21      156.8        0.0               BA          4
   0       0   22      179.2        0.0         Fiducial         -1
 253       0   23      201.6        0.0               BA          4
 254       0   24      224.0        0.0               BA          4
   0       0   25      246.4        0.0         Fiducial         -1
 255       0   26      268.8        0.0               BA          4
 256       0   27      291.2        0.0               BA          4
   0       0   28      313.6        0.0         Fiducial         -1
   0      14    0     -156.8   271.5856         Fiducial         -1
 257      14    1     -134.4   271.5856               BA          4
 258      14    2     -112.0   271.5856               BA          4
 259      14    3      -89.6   271.5856               BA          4
   0      14    4      -67.2   271.5856         Fiducial         -1
 260      14    5      -44.8   271.5856               BA          4
 261      14    6      -22.4   271.5856               BA          4
   0      14    7        0.0   271.5856         Fiducial         -1
 262      14    8       22.4   271.5856               BA          4
 263      14    9       44.8   271.5856               BA          4
   0      14   10       67.2   271.5856         Fiducial         -1
 264      14   11       89.6   271.5856               BA          4
 265      14   12      112.0   271.5856               BA          4
 266      14   13      134.4   271.5856               BA          4
   0      14   14      156.8   271.5856         Fiducial         -1
 267      13    0     -168.0   252.1866               BA          4
 268      13    1     -145.6   252.1866               BA          4
 269      13    2     -123.2   252.1866             BOSS          4
 270      13    3     -100.8   252.1866             BOSS          4
 271      13    4      -78.4   252.1866             BOSS          4
 272      13    5      -56.0   252.1866             BOSS          4
 273      13    6      -33.6   252.1866               BA          4
 274      13    7      -11.2   252.1866             BOSS          4
 275      13    8       11.2   252.1866             BOSS          4
 276      13    9       33.6   252.1866               BA          4
 277      13   10       56.0   252.1866             BOSS          4
 278      13   11       78.4   252.1866             BOSS          4
 279      13   12      100.8   252.1866             BOSS          4
 280      13   13      123.2   252.1866             BOSS          4
 281      13   14      145.6   252.1866               BA          4
 282      13   15      168.0   252.1866               BA          4
 283      12    0     -179.2   232.7876               BA          4
 284      12    1     -156.8   232.7876             BOSS          4
 285      12    2     -134.4   232.7876               BA          4
 286      12    3     -112.0   232.7876               BA          4
 287      12    4      -89.6   232.7876               BA          4
 288      12    5      -67.2   232.7876               BA          4
 289      12    6      -44.8   232.7876               BA          4
 290      12    7      -22.4   232.7876               BA          4
   0      12    8        0.0   232.7876         Fiducial         -1
 291      12    9       22.4   232.7876               BA          4
 292      12   10       44.8   232.7876               BA          4
 293      12   11       67.2   232.7876               BA          4
 294      12   12       89.6   232.7876               BA          4
 295      12   13      112.0   232.7876               BA          4
 296      12   14      134.4   232.7876               BA          4
 297      12   15      156.8   232.7876             BOSS          4
 298      12   16      179.2   232.7876               BA          4
 299      11    0     -190.4   213.3887               BA          4
 300      11    1     -168.0   213.3887             BOSS          4
 301      11    2     -145.6   213.3887               BA          4
   0      11    3     -123.2   213.3887         Fiducial         -1
 302      11    4     -100.8   213.3887             BOSS          4
 303      11    5      -78.4   213.3887             BOSS          4
   0      11    6      -56.0   213.3887         Fiducial         -1
 304      11    7      -33.6   213.3887             BOSS          4
 305      11    8      -11.2   213.3887             BOSS          4
 306      11    9       11.2   213.3887             BOSS          4
 307      11   10       33.6   213.3887             BOSS          4
   0      11   11       56.0   213.3887         Fiducial         -1
 308      11   12       78.4   213.3887             BOSS          4
 309      11   13      100.8   213.3887             BOSS          4
   0      11   14      123.2   213.3887         Fiducial         -1
 310      11   15      145.6   213.3887               BA          4
 311      11   16      168.0   213.3887             BOSS          4
 312      11   17      190.4   213.3887               BA          4
   0      10    0     -201.6   193.9897         Fiducial         -1
 313      10    1     -179.2   193.9897             BOSS          4
 314      10    2     -156.8   193.9897               BA          4
 315      10    3     -134.4   193.9897             BOSS          4
 316      10    4     -112.0   193.9897               BA          4
 317      10    5      -89.6   193.9897               BA          4
 318      10    6      -67.2   193.9897               BA          4
 319      10    7      -44.8   193.9897               BA          4
 320      10    8      -22.4   193.9897               BA          4
 321      10    9        0.0   193.9897               BA          4
 322      10   10       22.4   193.9897               BA          4
 323      10   11       44.8   193.9897               BA          4
 324      10   12       67.2   193.9897               BA          4
 325      10   13       89.6   193.9897               BA          4
 326      10   14      112.0   193.9897               BA          4
 327      10   15      134.4   193.9897             BOSS          4
 328      10   16      156.8   193.9897               BA          4
 329      10   17      179.2   193.9897             BOSS          4
   0      10   18      201.6   193.9897         Fiducial         -1
 330       9    0     -212.8   174.5907               BA          4
 331       9    1     -190.4   174.5907             BOSS          4
 332       9    2     -168.0   174.5907               BA          4
 333       9    3     -145.6   174.5907             BOSS          4
 334       9    4     -123.2   174.5907               BA          5
 335       9    5     -100.8   174.5907               BA          5
 336       9    6      -78.4   174.5907             BOSS          5
 337       9    7      -56.0   174.5907             BOSS          5
 338       9    8      -33.6   174.5907             BOSS          5
 339       9    9      -11.2   174.5907             BOSS          5
 340       9   10       11.2   174.5907             BOSS          5
 341       9   11       33.6   174.5907             BOSS          5
 342       9   12       56.0   174.5907             BOSS          5
 343       9   13       78.4   174.5907             BOSS          5
 344       9   14      100.8   174.5907               BA          5
 345       9   15      123.2   174.5907               BA          5
 346       9   16      145.6   174.5907             BOSS          5
 347       9   17      168.0   174.5907               BA          5
 348       9   18      190.4   174.5907             BOSS          5
 349       9   19      212.8   174.5907               BA          5
 350       8    0     -224.0   155.1918               BA          5
 351       8    1     -201.6   155.1918               BA          5
 352       8    2     -179.2   155.1918               BA          5
   0       8    3     -156.8   155.1918         Fiducial         -1
 353       8    4     -134.4   155.1918               BA          5
 354       8    5     -112.0   155.1918             BOSS          5
   0       8    6      -89.6   155.1918         Fiducial         -1
 355       8    7      -67.2   155.1918               BA          5
 356       8    8      -44.8   155.1918               BA          5
 357       8    9      -22.4   155.1918               BA          5
   0       8   10        0.0   155.1918         Fiducial         -1
 358       8   11       22.4   155.1918               BA          5
 359       8   12       44.8   155.1918               BA          5
 360       8   13       67.2   155.1918               BA          5
   0       8   14       89.6   155.1918         Fiducial         -1
 361       8   15      112.0   155.1918             BOSS          5
 362       8   16      134.4   155.1918               BA          5
   0       8   17      156.8   155.1918         Fiducial         -1
 363       8   18      179.2   155.1918               BA          5
 364       8   19      201.6   155.1918               BA          5
 365       8   20      224.0   155.1918               BA          5
   0       7    0     -235.2   135.7928         Fiducial         -1
 366       7    1     -212.8   135.7928             BOSS          5
 367       7    2     -190.4   135.7928               BA          5
 368       7    3     -168.0   135.7928             BOSS          5
 369       7    4     -145.6   135.7928               BA          5
 370       7    5     -123.2   135.7928             BOSS          5
 371       7    6     -100.8   135.7928               BA          5
 372       7    7      -78.4   135.7928               BA          5
 373       7    8      -56.0   135.7928             BOSS          5
 374       7    9      -33.6   135.7928             BOSS          5
 375       7   10      -11.2   135.7928             BOSS          5
 376       7   11       11.2   135.7928             BOSS          5
 377       7   12       33.6   135.7928             BOSS          5
 378       7   13       56.0   135.7928             BOSS          5
 379       7   14       78.4   135.7928               BA          5
 380       7   15      100.8   135.7928               BA          5
 381       7   16      123.2   135.7928             BOSS          5
 382       7   17      145.6   135.7928               BA          5
 383       7   18      168.0   135.7928             BOSS          5
 384       7   19      190.4   135.7928               BA          5
 385       7   20      212.8   135.7928             BOSS          5
   0       7   21      235.2   135.7928         Fiducial         -1
 386       6    0     -246.4   116.3938               BA          5
 387       6    1     -224.0   116.3938             BOSS          5
 388       6    2     -201.6   116.3938               BA          5
 389       6    3     -179.2   116.3938             BOSS          5
 390       6    4     -156.8   116.3938               BA          5
 391       6    5     -134.4   116.3938             BOSS          5
 392       6    6     -112.0   116.3938               BA          5
 393       6    7      -89.6   116.3938             BOSS          5
 394       6    8      -67.2   116.3938               BA          5
   0       6    9      -44.8   116.3938         Fiducial         -1
 395       6   10      -22.4   116.3938               BA          5
 396       6   11        0.0   116.3938               BA          5
 397       6   12       22.4   116.3938               BA          5
   0       6   13       44.8   116.3938         Fiducial         -1
 398       6   14       67.2   116.3938               BA          5
 399       6   15       89.6   116.3938             BOSS          5
 400       6   16      112.0   116.3938               BA          5
 401       6   17      134.4   116.3938             BOSS          5
 402       6   18      156.8   116.3938               BA          5
 403       6   19      179.2   116.3938             BOSS          5
 404       6   20      201.6   116.3938               BA          5
 405       6   21      224.0   116.3938             BOSS          5
 406       6   22      246.4   116.3938               BA          5
 407       5    0     -257.6    96.9948               BA          5
 408       5    1     -235.2    96.9948               BA          5
 409       5    2     -212.8    96.9948               BA          5
 410       5    3     -190.4    96.9948             BOSS          5
   0       5    4     -168.0    96.9948         Fiducial         -1
 411       5    5     -145.6    96.9948             BOSS          5
 412       5    6     -123.2    96.9948               BA          5
 413       5    7     -100.8    96.9948             BOSS          5
 414       5    8      -78.4    96.9948               BA          5
 415       5    9      -56.0    96.9948             BOSS          5
 416       5   10      -33.6    96.9948               BA          5
 417       5   11      -11.2    96.9948             BOSS          6
 418       5   12       11.2    96.9948             BOSS          6
 419       5   13       33.6    96.9948               BA          6
 420       5   14       56.0    96.9948             BOSS          6
 421       5   15       78.4    96.9948               BA          6
 422       5   16      100.8    96.9948             BOSS          6
 423       5   17      123.2    96.9948               BA          6
 424       5   18      145.6    96.9948             BOSS          6
   0       5   19      168.0    96.9948         Fiducial         -1
 425       5   20      190.4    96.9948             BOSS          6
 426       5   21      212.8    96.9948               BA          6
 427       5   22      235.2    96.9948               BA          6
 428       5   23      257.6    96.9948               BA          6
   0       4    0     -268.8    77.5959         Fiducial         -1
 429       4    1     -246.4    77.5959             BOSS          6
 430       4    2     -224.0    77.5959               BA          6
 431       4    3     -201.6    77.5959             BOSS          6
 432       4    4     -179.2    77.5959               BA          6
 433       4    5     -156.8    77.5959             BOSS          6
 434       4    6     -134.4    77.5959               BA          6
 435       4    7     -112.0    77.5959             BOSS          6
 436       4    8      -89.6    77.5959               BA          6
   0       4    9      -67.2    77.5959         Fiducial         -1
 437       4   10      -44.8    77.5959               BA          6
 438       4   11      -22.4    77.5959               BA          6
   0       4   12        0.0    77.5959         Fiducial         -1
 439       4   13       22.4    77.5959               BA          6
 440       4   14       44.8    77.5959               BA          6
   0       4   15       67.2    77.5959         Fiducial         -1
 441       4   16       89.6    77.5959               BA          6
 442       4   17      112.0    77.5959             BOSS          6
 443       4   18      134.4    77.5959               BA          6
 444       4   19      156.8    77.5959             BOSS          6
 445       4   20      179.2    77.5959               BA          6
 446       4   21      201.6    77.5959             BOSS          6
 447       4   22      224.0    77.5959               BA          6
 448       4   23      246.4    77.5959             BOSS          6
   0       4   24      268.8    77.5959         Fiducial         -1
 449       3    0     -280.0    58.1969               BA          6
 450       3    1     -257.6    58.1969             BOSS          6
 451       3    2     -235.2    58.1969               BA          6
   0       3    3     -212.8    58.1969         Fiducial         -1
 452       3    4     -190.4    58.1969               BA          6
 453       3    5     -168.0    58.1969             BOSS          6
 454       3    6     -145.6    58.1969               BA          6
   0       3    7     -123.2    58.1969         Fiducial         -1
 455       3    8     -100.8    58.1969               BA          6
 456       3   17      100.8    58.1969               BA          6
   0       3   18      123.2    58.1969         Fiducial         -1
 457       3   19      145.6    58.1969               BA          6
 458       3   20      168.0    58.1969             BOSS          6
 459       3   21      190.4    58.1969               BA          6
   0       3   22      212.8    58.1969         Fiducial         -1
 460       3   23      235.2    58.1969               BA          6
 461       3   24      257.6    58.1969             BOSS          6
 462       3   25      280.0    58.1969               BA          6
 463       2    0     -291.2    38.7979               BA          6
 464       2    1     -268.8    38.7979             BOSS          6
 465       2    2     -246.4    38.7979               BA          6
 466       2    3     -224.0    38.7979             BOSS          6
 467       2    4     -201.6    38.7979               BA          6
 468       2    5     -179.2    38.7979             BOSS          6
 469       2    6     -156.8    38.7979               BA          6
 470       2    7     -134.4    38.7979             BOSS          6
 471       2    8     -112.0    38.7979               BA          6
 472       2   18      112.0    38.7979               BA          6
 473       2   19      134.4    38.7979             BOSS          6
 474       2   20      156.8    38.7979               BA          6
 475       2   21      179.2    38.7979             BOSS          6
 476       2   22      201.6    38.7979               BA          6
 477       2   23      224.0    38.7979             BOSS          6
 478       2   24      246.4    38.7979               BA          6
 479       2   25      268.8    38.7979             BOSS          6
 480       2   26      291.2    38.7979               BA          6
 481       1    0     -302.4     19.399               BA          6
 482       1    1     -280.0     19.399             BOSS          6
 483       1    2     -257.6     19.399               BA          6
 484       1    3     -235.2     19.399             BOSS          6
 485       1    4     -212.8     19.399               BA          6
 486       1    5     -190.4     19.399             BOSS          6
 487       1    6     -168.0     19.399               BA          6
 488       1    7     -145.6     19.399             BOSS          6
 489       1    8     -123.2     19.399               BA          6
 490       1    9     -100.8     19.399             BOSS          6
 491       1   18      100.8     19.399             BOSS          6
 492       1   19      123.2     19.399               BA          6
 493       1   20      145.6     19.399             BOSS          6
 494       1   21      168.0     19.399               BA          6
 495       1   22      190.4     19.399             BOSS          6
 496       1   23      212.8     19.399               BA          6
 497       1   24      235.2     19.399             BOSS          6
 498       1   25      257.6     19.399               BA          6
 499       1   26      280.0     19.399             BOSS          6
 500       1   27      302.4     19.399               BA          6
